LINE
    -2.885    10.135    -5.024 P
     2.623    14.104    -6.359 L
    -2.885    10.135    -5.024 P
     2.082    11.623    -3.531 L
    -0.733     9.736    -6.297 P
     1.451    15.395    -7.986 L
    -0.733     9.736    -6.297 P
     2.623    14.104    -6.359 L
    -0.733     9.736    -6.297 P
     2.082    11.623    -3.531 L
    -3.671     7.954    -2.010 P
     2.082    11.623    -3.531 L
    -3.671     7.954    -2.010 P
    -0.721    13.502    -1.777 L
    -7.415     8.401    -2.501 P
    -4.166    12.802    -0.316 L
    -8.728    10.283    -1.317 P
    -4.166    12.802    -0.316 L
    -7.440     7.191    -6.108 P
    -5.394    12.773    -3.916 L
    -5.108     4.322    -5.225 P
    -2.885    10.135    -5.024 L
    -2.949     3.215    -4.452 P
    -2.885    10.135    -5.024 L
    -7.647     2.960    -2.742 P
    -3.671     7.954    -2.010 L
    -7.175     3.589    -0.284 P
    -3.671     7.954    -2.010 L
   -10.504     3.359    -5.223 P
    -7.415     8.401    -2.501 L
   -12.365     5.075    -5.168 P
    -7.415     8.401    -2.501 L
    -8.388     1.634    -7.864 P
    -7.440     7.191    -6.108 L
    -6.979     2.119    -9.935 P
    -7.440     7.191    -6.108 L
    -7.628    -1.274    -5.547 P
    -5.108     4.322    -5.225 L
    -7.628    -1.274    -5.547 P
    -2.949     3.215    -4.452 L
   -11.303    -1.640    -4.628 P
    -7.647     2.960    -2.742 L
   -12.899    -1.023    -2.734 P
    -7.647     2.960    -2.742 L
   -12.604    -1.787    -8.198 P
   -10.504     3.359    -5.223 L
    -9.841    -4.024    -9.563 P
    -8.388     1.634    -7.864 L
    -9.841    -4.024    -9.563 P
    -6.979     2.119    -9.935 L
    -7.844    -3.333   -10.995 P
    -8.388     1.634    -7.864 L
    -7.844    -3.333   -10.995 P
    -6.979     2.119    -9.935 L
   -10.544    -6.371    -6.648 P
    -7.628    -1.274    -5.547 L
    -8.247    -7.055    -5.819 P
    -7.628    -1.274    -5.547 L
   -14.312    -5.984    -6.556 P
   -11.303    -1.640    -4.628 L
   -14.312    -5.984    -6.556 P
   -12.899    -1.023    -2.734 L
   -12.563    -8.394    -0.636 P
   -10.544    -6.371    -6.648 L
   -12.563    -8.394    -0.636 P
    -8.247    -7.055    -5.819 L
    -7.133    -8.491    -0.954 P
   -10.544    -6.371    -6.648 L
    -7.133    -8.491    -0.954 P
    -8.247    -7.055    -5.819 L
    -8.617    -5.127     0.021 P
    -7.628    -1.274    -5.547 L
    -8.617    -5.127     0.021 P
   -11.303    -1.640    -4.628 L
    -8.617    -5.127     0.021 P
   -12.899    -1.023    -2.734 L
    -8.617    -5.127     0.021 P
    -8.247    -7.055    -5.819 L
   -10.236    -3.171    -0.185 P
    -7.628    -1.274    -5.547 L
   -10.236    -3.171    -0.185 P
   -11.303    -1.640    -4.628 L
   -10.236    -3.171    -0.185 P
   -12.899    -1.023    -2.734 L
    -8.829    -6.013     3.714 P
   -12.563    -8.394    -0.636 L
   -10.551    -6.662     5.454 P
   -12.563    -8.394    -0.636 L
    -5.223    -7.163     3.505 P
    -9.776   -10.385     1.020 L
    -3.914    -3.833     2.234 P
    -7.133    -8.491    -0.954 L
    -3.525    -1.937     0.594 P
    -7.175     3.589    -0.284 L
    -5.679    -1.940     5.022 P
    -8.617    -5.127     0.021 L
    -8.014    -1.312     4.120 P
    -7.175     3.589    -0.284 L
    -8.014    -1.312     4.120 P
    -8.617    -5.127     0.021 L
    -8.014    -1.312     4.120 P
   -10.236    -3.171    -0.185 L
    -4.189    -4.318     7.588 P
    -8.829    -6.013     3.714 L
    -4.344    -6.502     8.899 P
    -8.829    -6.013     3.714 L
    -0.649    -3.512     6.456 P
    -5.223    -7.163     3.505 L
    -1.154     0.254     6.634 P
    -3.914    -3.833     2.234 L
    -1.154     0.254     6.634 P
    -3.525    -1.937     0.594 L
    -1.237     1.773     4.584 P
    -3.914    -3.833     2.234 L
    -1.237     1.773     4.584 P
    -3.525    -1.937     0.594 L
    -3.272     0.102     9.791 P
    -5.679    -1.940     5.022 L
    -5.420    -0.167    11.141 P
    -5.679    -1.940     5.022 L
    -0.736    -2.242    11.387 P
    -4.189    -4.318     7.588 L
    -0.736    -2.242    11.387 P
    -4.344    -6.502     8.899 L
    -1.403    -4.688    11.089 P
    -4.189    -4.318     7.588 L
    -1.403    -4.688    11.089 P
    -4.344    -6.502     8.899 L
     2.032     0.235    10.567 P
    -0.649    -3.512     6.456 L
     0.251     3.105    12.318 P
    -1.154     0.254     6.634 L
    -1.289     4.576    10.912 P
    -1.154     0.254     6.634 L
    -1.289     4.576    10.912 P
    -1.237     1.773     4.584 L
     0.211     1.018    15.497 P
    -3.272     0.102     9.791 L
     4.383    -2.605    15.530 P
    -0.736    -2.242    11.387 L
     4.383    -2.605    15.530 P
     2.032     0.235    10.567 L
     5.113    -3.823    12.001 P
    -0.736    -2.242    11.387 L
     5.113    -3.823    12.001 P
    -1.403    -4.688    11.089 L
     5.113    -3.823    12.001 P
     2.032     0.235    10.567 L
     5.113    -3.823    12.001 P
     3.728     1.365     9.057 L
     8.476    -2.758    10.577 P
     3.728     1.365     9.057 L
     8.969    -1.205     7.136 P
     3.728     1.365     9.057 L
     6.989    -6.004     6.599 P
     5.113    -3.823    12.001 L
     4.862    -3.417     4.813 P
    -0.649    -3.512     6.456 L
     4.862    -3.417     4.813 P
     3.728     1.365     9.057 L
     4.862    -3.417     4.813 P
     8.476    -2.758    10.577 L
     6.632    -3.727     1.464 P
     8.969    -1.205     7.136 L
     6.731    -7.512     1.826 P
    10.222    -4.413     5.423 L
     8.764    -8.450     3.048 P
    12.203    -4.113     6.721 L
     8.764    -8.450     3.048 P
    10.222    -4.413     5.423 L
     2.966    -7.911     2.210 P
     6.989    -6.004     6.599 L
     0.972    -8.222     3.771 P
    -5.223    -7.163     3.505 L
     0.972    -8.222     3.771 P
    -3.914    -3.833     2.234 L
     0.972    -8.222     3.771 P
    -0.649    -3.512     6.456 L
     2.287    -5.560    -0.701 P
    -3.525    -1.937     0.594 L
     2.287    -5.560    -0.701 P
     4.862    -3.417     4.813 L
     4.874    -7.339    -2.847 P
     6.632    -3.727     1.464 L
     2.963   -10.558    -2.181 P
     6.731    -7.512     1.826 L
    -0.556    -9.114    -2.177 P
    -7.133    -8.491    -0.954 L
    -0.556    -9.114    -2.177 P
     2.966    -7.911     2.210 L
    -0.556    -9.114    -2.177 P
     0.972    -8.222     3.771 L
    -2.502    -7.945    -0.947 P
    -7.133    -8.491    -0.954 L
    -2.502    -7.945    -0.947 P
    -8.617    -5.127     0.021 L
    -2.502    -7.945    -0.947 P
    -5.223    -7.163     3.505 L
    -2.502    -7.945    -0.947 P
    -3.914    -3.833     2.234 L
    -2.502    -7.945    -0.947 P
    -3.525    -1.937     0.594 L
    -2.502    -7.945    -0.947 P
     2.966    -7.911     2.210 L
    -2.502    -7.945    -0.947 P
     0.972    -8.222     3.771 L
    -0.132    -7.672    -5.671 P
     2.287    -5.560    -0.701 L
    -0.995    -5.387    -4.986 P
     2.287    -5.560    -0.701 L
     2.027   -10.461    -7.095 P
     4.874    -7.339    -2.847 L
    -3.040    -6.798    -9.669 P
    -7.844    -3.333   -10.995 L
    -3.040    -6.798    -9.669 P
    -8.247    -7.055    -5.819 L
    -1.358     0.448   -12.637 P
    -6.979     2.119    -9.935 L
    -0.380    -1.852    -8.028 P
    -2.949     3.215    -4.452 L
    -0.380    -1.852    -8.028 P
    -0.132    -7.672    -5.671 L
    -0.380    -1.852    -8.028 P
    -0.995    -5.387    -4.986 L
    -2.696    -2.898    -7.580 P
    -2.949     3.215    -4.452 L
    -2.696    -2.898    -7.580 P
    -7.628    -1.274    -5.547 L
    -2.696    -2.898    -7.580 P
    -7.844    -3.333   -10.995 L
    -2.696    -2.898    -7.580 P
    -0.132    -7.672    -5.671 L
    -2.696    -2.898    -7.580 P
    -0.995    -5.387    -4.986 L
     3.100    -2.689    -6.771 P
     2.287    -5.560    -0.701 L
     3.100    -2.689    -6.771 P
     4.874    -7.339    -2.847 L
     3.100    -2.689    -6.771 P
    -0.132    -7.672    -5.671 L
     3.100    -2.689    -6.771 P
    -0.995    -5.387    -4.986 L
     3.100    -2.689    -6.771 P
    -0.606    -6.684   -10.352 L
     4.349     0.133    -8.992 P
     2.289    -4.475   -11.585 L
     1.854     2.725    -7.797 P
    -2.949     3.215    -4.452 L
     1.854     2.725    -7.797 P
     0.301    -1.230   -11.723 L
     1.854     2.725    -7.797 P
    -1.358     0.448   -12.637 L
     2.885     2.029    -4.214 P
    -2.949     3.215    -4.452 L
     2.885     2.029    -4.214 P
    -0.380    -1.852    -8.028 L
     2.773     0.858    -1.965 P
    -2.949     3.215    -4.452 L
     2.773     0.858    -1.965 P
     6.632    -3.727     1.464 L
     2.773     0.858    -1.965 P
     2.287    -5.560    -0.701 L
     6.562     2.005    -5.159 P
     3.100    -2.689    -6.771 L
     8.535     0.655    -5.992 P
     3.100    -2.689    -6.771 L
     6.184     5.651    -6.175 P
     4.349     0.133    -8.992 L
     5.533     6.433    -2.498 P
     2.082    11.623    -3.531 L
     2.996     6.403    -2.513 P
     2.082    11.623    -3.531 L
     2.996     6.403    -2.513 P
    -0.733     9.736    -6.297 L
     2.996     6.403    -2.513 P
    -3.671     7.954    -2.010 L
     2.996     6.403    -2.513 P
     1.854     2.725    -7.797 L
     8.375     4.501    -0.864 P
     2.885     2.029    -4.214 L
     8.375     4.501    -0.864 P
     2.773     0.858    -1.965 L
     7.303     2.193    -0.436 P
     6.632    -3.727     1.464 L
     7.303     2.193    -0.436 P
     2.885     2.029    -4.214 L
     7.303     2.193    -0.436 P
     2.773     0.858    -1.965 L
    12.970     1.100     1.546 P
     8.375     4.501    -0.864 L
    12.970     1.100     1.546 P
     7.303     2.193    -0.436 L
    12.601     1.432     4.043 P
     8.969    -1.205     7.136 L
    12.601     1.432     4.043 P
    12.203    -4.113     6.721 L
    12.601     1.432     4.043 P
    10.222    -4.413     5.423 L
    12.601     1.432     4.043 P
     7.303     2.193    -0.436 L
    12.307    -0.030    -2.025 P
     6.562     2.005    -5.159 L
    12.307    -0.030    -2.025 P
     8.535     0.655    -5.992 L
    12.307    -0.030    -2.025 P
     8.375     4.501    -0.864 L
    12.307    -0.030    -2.025 P
     7.303     2.193    -0.436 L
    12.307    -0.030    -2.025 P
    11.772     6.302    -0.810 L
    13.662     1.220    -3.790 P
     8.535     0.655    -5.992 L
    13.662     1.220    -3.790 P
     8.375     4.501    -0.864 L
    13.662     1.220    -3.790 P
    11.772     6.302    -0.810 L
    10.096    -2.869    -3.255 P
     6.632    -3.727     1.464 L
    10.096    -2.869    -3.255 P
     4.874    -7.339    -2.847 L
    10.096    -2.869    -3.255 P
     6.562     2.005    -5.159 L
    10.096    -2.869    -3.255 P
     8.535     0.655    -5.992 L
    10.096    -2.869    -3.255 P
     7.303     2.193    -0.436 L
    11.323    -6.256    -4.474 P
     4.874    -7.339    -2.847 L
